1
3
5
7
9
11
13
15
17
19
21
23
25
27
29
31
32
34
36
38
40
42
44
46
48
42
50
56
58
59
60
80
82
85
89
91
92
93
100
102
114
115
116
117
118
121
122
123
124
125
130
131
132
134
135
144
145
146
147
148
149
149
150
162
163
164
165
170
15
201
202
203
204
205
206
204
207
208
209
220
221
222
223
224
225
228
229
56
57
58
59
60
61
62
63
241
242
243
244
245
246
247
249
2
1
0
278
279
280
281
282
282
283
284
285
286
287
290
291
292
293
100
111
112
113
106
107
108
109
55
52
54
56
58
60
62
64
115
116
117
118
116
120
121
122
123
175
176
177
178
179
180
181
179
180
181
0
1
2
233
234
235
236
237
238
239
240
233
290
291
292
293
294
295
0
0
176
175
174
173
1
2
3
4
5
144
146
178
12
14
16
18
20
22
188
202
204
206
117
58

