263240.047
251653.541
239548.322
228460.877
217006.290
206369.074
195437.333
185306.322
175116.144
164287.790
154959.899
145155.669
135688.273
126248.498
117182.740
108090.526
104060.276
 95059.309
 86975.644
 78286.535
 69846.325
 61920.078
 54448.490
 46601.566
 38868.347
 61920.078
 31328.806
 10344.941
  3312.965
269539.001
263157.062
154813.132
144695.479
130639.099
112840.241
104167.364
 99945.620
 95227.645
 65945.624
 58129.515
 13751.055
 10049.185
  6783.867
  3535.176
269327.438
251676.425
245531.784
239942.196
233928.340
228448.801
200917.343
196252.068
189904.890
180011.707
174300.494
130619.097
126478.379
121496.711
117038.452
112944.650
107602.679
107602.679
104082.637
 54384.369
 50398.192
 46854.626
 42907.246
 24597.360
185306.322
140298.314
135714.927
130904.216
126269.918
121541.999
116883.315
126269.918
112895.064
108667.161
103952.537
 58170.667
 54300.280
 50443.279
 46351.375
 42730.204
 38813.107
 28172.681
 24242.639
 10344.941
  6719.133
  3312.965
269539.001
263157.062
257270.215
251405.969
245344.120
239575.343
234073.635
228217.552
222992.148
217340.243
211759.708
206503.703
195636.070
257491.707
263240.047
269468.953
 61928.959
 58371.268
 54184.413
 50402.473
 46706.569
 46706.569
 42122.977
 39112.399
 35138.636
 31721.822
 27894.526
 17236.026
 13677.360
 10059.429
  6807.799
 65945.624
 24243.148
 20826.429
 17100.093
 42533.887
 38875.089
 35189.162
 31403.384
 13457.610
 24100.275
 17162.518
 10344.941
  3312.965
263157.062
251405.969
240054.192
 10049.185
  6783.867
  3535.176
269327.438
  6783.867
257497.976
251676.425
245531.784
239942.196
  6767.559
  3482.653
269272.771
263468.097
257616.977
251450.213
245484.843
257616.977
251450.213
245484.843
269468.953
263240.047
257491.707
 10188.853
  6721.564
  3341.246
269419.348
263210.789
257385.806
251552.246
245453.538
 10188.853
 17236.026
 13677.360
 10059.429
  6807.799
  3366.497
269391.326
269468.953
269468.953
  3482.653
  6767.559
 10251.466
 13826.058
263240.047
257491.707
251653.541
245562.697
239548.322
130619.097
121496.711
263468.097
201028.932
190264.046
179946.918
169999.150
160025.614
150303.366
206652.160
135714.927
126269.918
116883.315
  3535.176
  3312.965
